"","sample.sizes","incl.sym.non","incl.sym.stud","incl.non.sym.non","incl.non.sym.stud"
"1",4,81.88,96.1,73.57,93.89
"2",6,84.68,94.49,76.38,91.39
"3",8,88.29,94.49,82.68,93.89
"4",10,90.69,95.1,84.58,94.09
"5",12,90.39,94.39,84.68,93.69
"6",14,89.59,93.29,84.18,94.89
"7",16,91.49,94.29,86.39,92.99
"8",18,92.19,94.79,85.89,93.09
"9",20,93.09,95.1,88.09,94.29
"10",22,93.19,94.69,89.39,94.99
"11",24,92.39,93.89,88.29,93.79
"12",26,91.49,92.99,89.49,94.49
"13",28,93.39,95.5,88.19,93.19
"14",30,92.89,95.1,89.79,94.89
"15",32,93.69,94.59,89.19,93.39
"16",34,94.09,95.1,90.99,94.59
"17",36,93.89,94.59,89.59,94.19
"18",38,94.29,95.5,89.19,92.69
"19",40,92.89,94.09,90.59,93.89
"20",42,92.29,93.59,90.69,93.79
