"","sample.sizes","incl.sym.bca","incl.sym.stud","incl.non.sym.bca","incl.non.sym.stud"
"1",4,80.38,95.4,72.17,92.69
"2",6,86.09,94.59,83.88,93.19
"3",8,87.89,94.59,82.58,91.89
"4",10,88.99,93.09,87.99,93.69
"5",12,89.79,94.39,86.99,91.99
"6",14,93.29,95.8,90.19,94.79
"7",16,92.29,94.69,89.09,94.39
"8",18,91.79,94.39,90.19,93.49
"9",20,91.49,94.59,89.59,93.39
"10",22,93.09,95.4,90.89,94.09
"11",24,94.19,95.4,91.39,94.49
"12",26,92.79,94.89,89.89,93.39
"13",28,93.69,95.5,92.09,95.2
"14",30,92.19,93.69,92.79,95.1
"15",32,93.89,95.5,92.49,93.79
"16",34,93.79,95.1,92.09,93.89
"17",36,92.49,94.09,93.19,94.99
"18",38,92.79,94.39,91.29,93.59
"19",40,93.19,93.99,90.99,92.99
"20",42,94.69,95.6,93.49,94.99
